precision : 0.24291755172501422
roc_score: 0.644337708057273
