precision : 0.2426446019221916
roc_score: 0.6413331892523741
