precision : 0.1931934248514089
roc_score: 0.6755461021609865
