precision : 0.6107080265797006
roc_score: 0.8826972164823144
