precision : 0.31470490979494836
roc_score: 0.8884146807174809
