precision : 0.6768980046720532
roc_score: 0.8790437816617057
