precision : 0.6811938014057212
roc_score: 0.8790242038939176
