precision : 0.38118005493899015
roc_score: 0.8477637557432769
