precision : 0.6913998599808893
roc_score: 0.9098382143341128
