precision : 0.6839089923735909
roc_score: 0.9121144123626694
