precision : 0.6854579206654339
roc_score: 0.9122975783884755
