precision : 0.6586270329995607
roc_score: 0.8925356870436963
