precision : 0.653197113698432
roc_score: 0.8973956630707203
