precision : 0.661660831238249
roc_score: 0.897025171624714
