precision : 0.6454757249014822
roc_score: 0.8907050234281355
