precision : 0.6495772719607025
roc_score: 0.895325269695979
