precision : 0.6435152208348849
roc_score: 0.8891576768006973
