precision : 0.6498555117270902
roc_score: 0.8936035741527733
