precision : 0.7016393332634161
roc_score: 0.8908708224576488
