precision : 0.5875270313811224
roc_score: 0.9664444056807536
