precision : 0.10654502301018712
roc_score: 0.6979368929851368
