precision : 0.3702557905221223
roc_score: 0.8380579884397801
