AUC_ROC : [0.6863669  0.70844399 0.74343115 0.71228699 0.71118432 0.71099017
 0.68917971 0.68643142]
Ratio: [-0.4 -0.2  0.   0.2  0.4  0.6  0.8  1. ]
