AUC_ROC : [0.67068219 0.70913002 0.75129344 0.69892973 0.70655799 0.71049916
 0.70415599 0.68253261]
Ratio: [-0.4 -0.2  0.   0.2  0.4  0.6  0.8  1. ]
