AUC_ROC : [0.67233553 0.6984649  0.72058885 0.69794435 0.66513391 0.65759843
 0.65797918 0.62816876]
Ratio: [-0.4 -0.2  0.   0.2  0.4  0.6  0.8  1. ]
