AUC_ROC : [0.64427466 0.69036497 0.71074767 0.69217306 0.68364876 0.65921465
 0.64616841 0.62959444]
Ratio: [-0.4 -0.2  0.   0.2  0.4  0.6  0.8  1. ]
