AUC_ROC : [0.77656497 0.85794761 0.87991172 0.85438298 0.81322687 0.81438981
 0.78470493 0.76114835]
Ratio: [-0.4 -0.2  0.   0.2  0.4  0.6  0.8  1. ]
