AUC_ROC : [0.79117266 0.83747447 0.88357026 0.85330801 0.81827519 0.80257567
 0.77102194 0.75853987]
Ratio: [-0.4 -0.2  0.   0.2  0.4  0.6  0.8  1. ]
