AUC_ROC : [0.82034219 0.8862698  0.89483621 0.83706661 0.80965059 0.79332536
 0.79926018 0.75041989]
Ratio: [-0.4 -0.2  0.   0.2  0.4  0.6  0.8  1. ]
