AUC_ROC : [0.7009446  0.7618801  0.79845369 0.69667419 0.65511099 0.62943494
 0.5935467  0.58093276]
Ratio: [-0.4 -0.2  0.   0.2  0.4  0.6  0.8  1. ]
