AUC_ROC : [0.75714989 0.81935052 0.86421942 0.82398686 0.78570908 0.75641419
 0.72707214 0.71145036]
Ratio: [-0.4 -0.2  0.   0.2  0.4  0.6  0.8  1. ]
