AUC_ROC : [0.77295275 0.81989611 0.86790762 0.83347291 0.78477457 0.75889688
 0.72056998 0.69227572]
Ratio: [-0.4 -0.2  0.   0.2  0.4  0.6  0.8  1. ]
