AUC_ROC : [0.78490087 0.83576753 0.84930376 0.84060308 0.81139404 0.80873611
 0.78739222 0.77866858]
Ratio: [-0.4 -0.2  0.   0.2  0.4  0.6  0.8  1. ]
