AUC_ROC : [0.71723823 0.75415715 0.82471378 0.71555684 0.65570952 0.62713831
 0.6014072  0.57976946]
Ratio: [-0.4 -0.2  0.   0.2  0.4  0.6  0.8  1. ]
