AUC_ROC : [0.78063111 0.80408432 0.85782436 0.79480606 0.74177814 0.73835467
 0.70702409 0.69477345]
Ratio: [-0.4 -0.2  0.   0.2  0.4  0.6  0.8  1. ]
