AUC_ROC : [0.74348539 0.79759689 0.83562468 0.78726132 0.75042208 0.7258904
 0.69783425 0.67823984]
Ratio: [-0.4 -0.2  0.   0.2  0.4  0.6  0.8  1. ]
