AUC_ROC : [0.78484799 0.82183066 0.85136973 0.79556064 0.78150812 0.70116814
 0.69868585 0.67296066]
Ratio: [-0.4 -0.2  0.   0.2  0.4  0.6  0.8  1. ]
