AUC_ROC : [0.78225673 0.81416803 0.87064618 0.81471069 0.79464749 0.75599869
 0.75843958 0.73565653]
Ratio: [-0.4 -0.2  0.   0.2  0.4  0.6  0.8  1. ]
