AUC_ROC : [0.75716792 0.78523047 0.84343249 0.79862264 0.79192329 0.718712
 0.71055901 0.70781301]
Ratio: [-0.4 -0.2  0.   0.2  0.4  0.6  0.8  1. ]
