AUC_ROC : [0.70535677 0.6675243  0.69951709 0.60653716 0.61067474 0.54457564
 0.57851607 0.59339536]
Ratio: [-0.4 -0.2  0.   0.2  0.4  0.6  0.8  1. ]
