AUC_ROC : [0.83336788 0.8559758  0.90619492 0.88597856 0.85214904 0.84282768
 0.82099519 0.79877092]
Ratio: [-0.4 -0.2  0.   0.2  0.4  0.6  0.8  1. ]
