AUC_ROC : [0.79726778 0.80372634 0.81930399 0.75287641 0.68189923 0.67228623
 0.64563267 0.61779289]
Ratio: [-0.4 -0.2  0.   0.2  0.4  0.6  0.8  1. ]
