AUC_ROC : [0.80042095 0.84287412 0.88919731 0.87569374 0.84238984 0.82488101
 0.80280183 0.81063923]
Ratio: [-0.4 -0.2  0.   0.2  0.4  0.6  0.8  1. ]
