AUC_ROC : [0.85891992 0.88755301 0.94334666 0.92276011 0.85798107 0.86509281
 0.8505174  0.80376389]
Ratio: [-0.4 -0.2  0.   0.2  0.4  0.6  0.8  1. ]
