AUC_ROC : [0.73223534 0.7641303  0.78185792 0.70712975 0.68030462 0.66833336
 0.68579806 0.65316773]
Ratio: [-0.4 -0.2  0.   0.2  0.4  0.6  0.8  1. ]
