AUC_ROC : [0.77457266 0.82852574 0.84254048 0.81833141 0.77272294 0.77956592
 0.77357752 0.75504786]
Ratio: [-0.4 -0.2  0.   0.2  0.4  0.6  0.8  1. ]
