AUC_ROC : [0.68890424 0.73488394 0.74926324 0.71214378 0.69919531 0.744141
 0.70191181 0.72448618]
Ratio: [-0.4 -0.2  0.   0.2  0.4  0.6  0.8  1. ]
