AUC_ROC : [0.68824165 0.76011896 0.76764853 0.76265906 0.70742244 0.75739359
 0.74803841 0.74842895]
Ratio: [-0.4 -0.2  0.   0.2  0.4  0.6  0.8  1. ]
